74
-6.78536
-7.49959
-7.86322
-7.14898
-7.18474
-8.30405
-8.74562
-9.57946
-6.70801
-7.36288
-6.96566
-4.94549
-4.705
-3.51668
-2.13177
1.8011
3.70344
5.94651
5.98721
5.65479
4.19228
4.48473
6.82227
7.77014
9.18736
8.07335
7.03443
4.84101
4.97751
4.49863
2.92952
4.16575
-1.7218
-1.40046
-4.09173
-3.88295
0.44369
5.55809
7.64535
4.82308
5.02638
5.93839
7.53438
8.16891
7.98678
7.9408
5.71304
4.68957
5.53684
6.45127
6.82025
6.1602
5.74634
5.81423
6.96142
7.51534
7.75928
6.14004
6.19423
5.78569
5.66287
5.68983
5.41437
5.80318
6.88873
10.77363
9.13466
9.70104
9.70658
9.60456
8.51446
7.62358
6.92893
-0.72755